// lw	$s1, $t7, 0
00
00
2F
8E
// beq	$s1, $s2, 3
03
00
31
12
// add	$s2, $s0, $s2
20
90
50
02
// sub	$s2, $s0, $s2
22
90
50
02
// add	$s1, $s0, $s1, 0
20
88
30
02
// j	7
07
00
00
08
// or	$s2, $s0, $s2
25
90
50
02
// add	$s1, $s0, $s1, 0
20
88
30
02
// sub	$s2, $s0, $s2
22
90
50
02
// or	$s2, $s0, $s2
25
90
50
02
// sw 	$zero, $s2, 24
18
00
12
AC

// and $s1, $s0, $s2	
24
90
30
02

// addiu  $s1 $0 1
01
00
30
26

// srl    $s1 $s2 1   
42
90
11
00

// slt 
2a
80
51
02


// maddu $s1 $s2 
01
00
32
72


// nop 34times
00
00
00
00

00
00
00
00

00
00
00
00

00
00
00
00

00
00
00
00

00
00
00
00

00
00
00
00

00
00
00
00

00
00
00
00

00
00
00
00

00
00
00
00

00
00
00
00

00
00
00
00

00
00
00
00

00
00
00
00

00
00
00
00

00
00
00
00

00
00
00
00

00
00
00
00

00
00
00
00

00
00
00
00

00
00
00
00

00
00
00
00

00
00
00
00

00
00
00
00

00
00
00
00

00
00
00
00

00
00
00
00

00
00
00
00

00
00
00
00

00
00
00
00

00
00
00
00

00
00
00
00

00
00
00
00

00
00
00
00

// mfhi $s1 000000 0000000000 10001 00000 10000
10
44
00
00
// mflo $s2 000000 0000000000 10010 00000 010010
12
90
00
00

// multu $s1 $s2 000000 10001 10010 0000000000 011001
19
00
32
02

// nop 34times
00
00
00
00

00
00
00
00

00
00
00
00

00
00
00
00

00
00
00
00

00
00
00
00

00
00
00
00

00
00
00
00

00
00
00
00

00
00
00
00

00
00
00
00

00
00
00
00

00
00
00
00

00
00
00
00

00
00
00
00

00
00
00
00

00
00
00
00

00
00
00
00

00
00
00
00

00
00
00
00

00
00
00
00

00
00
00
00

00
00
00
00

00
00
00
00

00
00
00
00

00
00
00
00

00
00
00
00

00
00
00
00

00
00
00
00

00
00
00
00

00
00
00
00

00
00
00
00

00
00
00
00

00
00
00
00

00
00
00
00

// mfhi $s1 000000 0000000000 10001 00000 10000
10
44
00
00
// mflo $s2 000000 0000000000 10010 00000 010010
12
90
00
00

